1.06667	302.058
1.13333	302.063
1.21667	302.064
1.31667	302.066
1.43333	302.068
1.58333	302.071
1.76667	302.068
1.98333	302.066
2.25	302.059
2.58333	302.058
3	302.053
3.51667	302.049
4.14972	302.046
4.93306	302.034
5.89972	302.034
6.89972	302.044
7.91639	302.032
8.93278	302.045
9.94944	302.053
10.9661	302.056
11.9828	302.053
12.9828	302.044
13.9992	302.046
14.9992	302.044
15.9992	302.04
17.0158	302.044
18.0325	302.029
19.0489	302.039
20.0656	302.035
21.0822	302.043
22.0989	302.056
23.0989	302.066
24.1153	302.046
25.1153	302.031
26.1319	302.033
27.1319	302.057
28.1483	302.063
29.1483	302.069
30.1483	302.049
31.165	302.044
32.1817	302.034
33.1869	302.03
34.2036	302.027
35.2203	302.498
36.2203	302.562
37.2247	302.439
37.4075	302.412
37.5586	302.382
37.5961	302.388
37.6408	302.39
37.6961	302.406
37.7656	302.434
37.8517	302.485
37.9575	302.551
38.0878	302.635
38.2489	302.757
38.4461	302.897
38.6906	303.036
38.9906	303.124
39.36	303.178
39.8156	303.297
40.3767	303.434
41.0683	303.541
41.9208	303.714
42.9208	303.881
55.4478	304.349
56.45	304.375
57.4525	304.393
58.4553	304.402
59.4581	304.423
60.4608	304.443
61.4608	304.473
62.4633	304.499
63.4661	304.511
64.4689	304.518
65.4717	304.529
66.4717	304.539
67.4742	304.551
68.4769	304.559
69.4769	304.569
70.4797	304.573
71.4797	304.583
72.4822	304.587
73.485	304.589
74.485	304.59
75.4878	304.596
76.4906	304.606
77.4931	304.607
78.4958	304.619
79.4958	304.624
80.4986	304.623
81.5011	304.634
82.5011	304.618
83.5039	304.619
84.5039	304.632
85.5067	304.656
86.5094	304.665
87.5119	304.671
88.5147	304.671
89.3897	304.677
89.3925	304.676
89.3953	304.675
89.3981	304.68
89.4008	304.677
89.4036	304.676
89.4092	304.678
89.4147	304.676
89.4231	304.674
89.4314	304.677
89.4425	304.677
89.4564	304.677
89.4731	304.677
89.4925	304.677
89.5175	304.682
89.5481	304.683
89.5869	304.682
89.6342	304.685
89.6925	304.688
89.7647	304.688
89.8536	304.686
89.9619	304.679
90.0953	304.666
90.2619	304.647
90.4675	304.615
90.7203	304.569
91.0314	304.51
91.4144	304.442
91.8867	304.373
92.47	304.304
93.1894	304.242
94.0756	304.19
95.0756	304.146
96.0781	304.105
97.0781	304.076
98.0808	304.059
99.0836	304.045
100.084	304.034
101.086	304.023
102.089	304.014
103.089	304.007
104.089	303.999
105.092	303.994
106.094	303.986
107.094	303.983
108.097	303.977
109.098	303.972
110.099	303.971
111.101	303.966
112.101	303.963
113.104	303.959
114.104	303.958
115.107	303.954
116.109	303.953
117.109	303.951
118.112	303.944
119.115	303.93
120.118	303.924
121.12	303.92
122.12	303.918
123.123	303.934
124.123	303.945
125.126	303.94
126.129	303.934
127.131	303.932
128.134	303.925
129.134	303.926
130.137	303.931
131.14	303.93
132.142	303.932
133.143	303.932
134.144	303.928
135.146	303.927
136.148	303.93
137.15	303.927
137.339	303.927
137.342	303.927
137.345	303.926
137.348	303.926
137.35	303.924
137.353	303.924
137.359	303.926
137.364	303.924
137.372	303.928
137.381	303.94
137.392	303.943
137.406	303.957
137.422	303.979
137.442	304.01
137.467	304.055
137.497	304.118
137.536	304.208
137.584	304.321
137.642	304.467
137.714	304.646
137.803	304.907
137.911	305.25
138.045	305.648
138.211	306.128
138.417	306.637
138.67	306.867
138.981	307.04
139.364	307.261
139.836	307.461
140.42	307.763
141.139	307.968
142.025	308.227
143.028	308.445
144.028	308.61
145.031	308.784
146.033	308.937
147.036	309.064
148.039	309.18
149.039	309.236
150.041	309.308
151.044	309.392
152.044	309.493
153.047	309.559
154.047	309.644
155.049	309.696
156.052	309.737
157.052	309.796
158.055	309.895
159.058	309.957
160.06	310.01
161.063	310.064
162.063	310.123
163.066	310.171
164.066	310.208
165.068	310.258
166.071	310.276
167.071	310.293
168.074	310.312
169.077	310.334
170.079	310.381
171.082	310.431
172.082	310.459
173.085	310.513
174.087	310.545
175.087	310.566
176.09	310.685
177.09	310.75
178.093	310.748
179.095	310.761
180.095	310.787
181.098	310.82
182.101	310.845
183.104	310.836
184.106	310.849
185.106	310.869
186.109	310.931
187.109	310.937
187.234	310.937
187.237	310.939
187.239	310.94
187.242	310.939
187.245	310.941
187.248	310.939
187.253	310.941
187.259	310.94
187.267	310.946
187.276	310.946
187.287	310.958
187.301	310.975
187.317	311.007
187.337	311.044
187.362	311.098
187.392	311.143
187.431	311.173
187.478	311.165
187.537	311.107
187.609	310.986
187.697	310.799
187.806	310.539
187.939	310.211
188.106	309.823
188.311	309.404
188.564	308.966
188.875	308.567
189.259	308.234
189.731	307.947
190.314	307.705
191.034	307.395
191.92	307.003
192.922	306.665
193.925	306.388
194.925	306.149
195.928	305.944
196.931	305.765
197.933	305.6
198.933	305.454
199.936	305.319
200.939	305.201
201.939	305.083
202.941	304.964
203.944	304.872
204.944	304.794
205.947	304.715
206.949	304.63
207.949	304.563
208.949	304.5
209.952	304.447
210.955	304.382
211.957	304.337
212.96	304.275
213.963	304.214
214.963	304.174
215.966	304.136
216.968	304.107
217.968	304.072
218.971	304.031
219.974	303.985
220.976	303.958
221.979	303.914
222.979	303.86
223.982	303.851
224.982	303.812
225.984	303.794
226.984	303.777
227.985	303.751
228.985	303.739
229.986	303.716
230.988	303.689
231.989	303.684
232.989	303.663
233.992	303.632
234.995	303.613
235.998	303.598
237	303.571
238	303.542
239.003	303.521
240.006	303.51
241.006	303.498
242.008	303.479
243.011	303.46
244.011	303.45
245.014	303.437
246.016	303.423
247.016	303.392
248.019	303.394
249.022	303.371
250.025	303.356
251.027	303.342
252.027	303.341
253.03	303.326
254.03	303.304
255.033	303.294
256.035	303.277
257.035	303.263
258.038	303.263
259.041	303.244
260.044	303.23
261.046	303.22
262.046	303.211
263.049	303.196
264.049	303.182
265.052	303.182
266.054	303.18
267.054	303.163
268.057	303.154
269.057	303.152
270.06	303.146
271.062	303.141
272.065	303.135
273.068	303.132
274.068	303.119
275.071	303.1
276.073	303.101
277.073	303.081
278.075	303.077
279.076	303.068
280.078	303.059
281.079	303.048
282.079	303.042
283.082	303.032
284.084	303.035
285.087	303.017
286.087	303.012
287.09	303.011
288.092	302.998
289.092	302.985
290.095	302.981
291.098	302.97
292.098	302.975
293.101	302.959
294.103	302.95
295.106	302.926
296.106	302.918
297.109	302.926
298.111	302.933
299.112	302.935
300.114	302.936
301.117	302.925
302.12	302.913
303.123	302.917
304.124	302.925
305.126	302.917
306.128	302.915
307.129	302.895
308.129	302.88
309.131	302.887
310.131	302.883
311.134	302.88
312.134	302.892
313.137	302.876
314.139	302.868
315.142	302.849
316.145	302.817
317.145	302.811
318.147	302.818
319.15	302.828
320.15	302.822
321.151	302.807
322.152	302.812
323.152	302.795
324.154	302.799
325.154	302.795
326.157	302.775
327.16	302.77
328.162	302.765
329.163	302.766
330.165	302.756
331.165	302.757
332.168	302.76
333.17	302.752
334.17	302.753
335.17	302.751
336.173	302.734
337.176	302.743
338.179	302.733
339.181	302.732
340.184	302.718
341.184	302.713
342.187	302.704
343.189	302.693
344.189	302.709
345.192	302.715
346.195	302.702
347.197	302.707
348.197	302.706
349.2	302.711
350.203	302.711
351.203	302.69
352.205	302.689
353.206	302.68
354.207	302.684
355.207	302.685
356.21	302.677
357.212	302.685
358.212	302.668
359.215	302.653
360.218	302.64
361.218	302.647
362.221	302.644
363.223	302.644
364.223	302.636
365.223	302.63
366.226	302.621
367.229	302.631
368.229	302.629
369.231	302.617
370.232	302.603
371.235	302.603
372.237	302.612
373.237	302.605
374.24	302.601
375.24	302.599
376.243	302.58
377.245	302.58
378.246	302.571
379.247	302.574
380.247	302.577
381.25	302.587
382.25	302.581
383.253	302.571
384.255	302.548
385.255	302.567
386.258	302.562
387.261	302.57
388.261	302.578
389.263	302.582
390.263	302.585
391.266	302.597
392.269	302.596
393.269	302.583
394.271	302.579
395.272	302.576
396.274	302.547
397.277	302.564
398.279	302.563
399.279	302.557
400.28	302.544
401.283	302.541
402.283	302.555
403.283	302.546
404.286	302.541
405.288	302.504
406.291	302.511
407.294	302.522
408.297	302.513
409.297	302.518
410.299	302.499
411.302	302.508
412.305	302.515
413.308	302.526
414.31	302.507
415.313	302.522
416.316	302.519
417.316	302.522
418.318	302.529
419.321	302.525
420.321	302.53
421.324	302.518
422.324	302.488
423.326	302.47
424.33	302.478
425.332	302.478
426.332	302.477
427.334	302.465
428.337	302.473
429.34	302.475
430.34	302.477
431.342	302.494
432.342	302.503
433.346	302.503
434.348	302.491
435.348	302.489
436.351	302.489
437.353	302.48
438.356	302.502
439.359	302.494
440.359	302.46
441.362	302.459
442.364	302.46
443.364	302.464
444.365	302.468
445.366	302.459
446.366	302.434
447.369	302.448
448.369	302.466
449.371	302.476
450.374	302.457
451.374	302.45
452.377	302.458
453.38	302.446
454.382	302.449
455.385	302.431
456.385	302.427
457.388	302.429
458.388	302.448
459.39	302.449
460.393	302.424
461.393	302.425
462.396	302.427
463.399	302.426
464.401	302.438
465.403	302.45
466.405	302.459
467.405	302.449
468.407	302.439
469.41	302.434
470.41	302.416
471.413	302.414
472.416	302.429
473.418	302.434
474.418	302.434
475.421	302.423
476.421	302.409
477.421	302.397
478.423	302.398
479.426	302.391
480.426	302.394
481.429	302.417
482.432	302.427
483.434	302.394
484.437	302.388
485.44	302.394
486.44	302.401
487.44	302.392
488.442	302.386
489.445	302.389
490.445	302.377
491.448	302.372
492.451	302.38
493.453	302.381
494.456	302.406
495.459	302.396
496.459	302.382
497.461	302.374
498.464	302.393
499.464	302.41
500.464	302.407
501.467	302.404
502.469	302.376
503.469	302.383
504.472	302.389
505.475	302.386
506.477	302.362
507.48	302.347
508.483	302.371
509.486	302.38
510.486	302.377
511.488	302.375
512.491	302.383
513.491	302.389
514.494	302.392
515.494	302.385
516.497	302.377
517.499	302.367
518.499	302.35
519.502	302.363
520.505	302.371
521.508	302.387
522.51	302.398
523.51	302.396
524.513	302.382
525.513	302.38
526.516	302.384
527.518	302.39
528.518	302.386
529.521	302.376
530.524	302.359
531.526	302.362
532.529	302.372
533.529	302.373
534.532	302.367
535.532	302.359
536.534	302.346
537.537	302.352
538.537	302.339
539.537	302.322
540.54	302.338
541.541	302.347
541.657	302.349
541.66	302.349
541.663	302.349
541.666	302.35
541.669	302.351
541.674	302.353
541.68	302.352
541.686	302.351
541.693	302.352
541.704	302.357
541.716	302.354
541.729	302.355
541.749	302.354
541.771	302.362
541.799	302.369
541.833	302.382
541.874	302.406
541.927	302.435
541.991	302.46
542.072	302.487
542.169	302.517
542.289	302.554
542.436	302.596
542.619	302.628
542.844	302.674
543.122	302.697
543.464	302.691
543.886	302.653
544.405	302.614
545.047	302.565
545.839	302.529
546.814	304.649
547.097	304.363
