105.401147
92.04894298
78.36651958
93.05185613
112.2485652
112.2485652
106.1542158
97.19533997
108.4035881
119.8582088
115.4269732
109.6186412
106.9441253
96.5757037
82.54369373
82.54369373
73.93091246
71.73303192
71.33200486
66.19841973
67.07143607
81.27987683
85.96261274
77.1830132
74.69914941
74.69914941
77.28038616
88.85749724
111.1169443
115.4897803
101.9370782
89.78995735
69.28963416
52.84754515
52.84754515
60.00796517
67.04634795
67.74750704
75.12334888
78.80306384
86.02185418
107.3582356
125.012069
137.2820194
137.2820194
143.5753423
129.8705773
120.2997321
136.0170269
146.2337243
139.054892
140.9035838
152.3626567
154.5968231
154.5968231
151.9469839
152.684053
145.0412286
125.4574168
110.6853698
109.1148385
118.685742
136.6094169
149.4393015
149.4393015
147.2943484
143.5385528
154.1094494
168.6771278
162.1316306
140.6570044
138.5754986
156.7460417
161.6127015
161.6127015
139.9436736
117.387845
127.9491863
155.3937442
155.2440124
142.4574797
143.3402047
135.7449853
135.7449853
126.4611325
135.624918
141.6616947
147.6294371
157.9162481
143.3233852
128.8008289
140.8841412
136.7916559
136.7916559
115.730191
114.7937036
122.0580446
127.1560136
132.5751375
127.0919774
122.1107534
127.0057007
124.0266299
124.0266299
109.3008004
94.63593097
91.59139541
98.7231889
97.33179385
89.85247843
91.06368108
96.96735095
107.772525
107.772525
117.1293421
114.1040926
117.8634935
129.7550505
129.2909842
131.5787808
139.4559906
131.5551419
121.1702951
121.1702951
117.7479603
109.0094104
101.0597659
96.30496151
89.1830474
83.32228193
80.41964129
88.98803216
88.98803216
104.6166647
107.032111
112.9685528
133.6915877
139.0719169
132.8889018
131.5623199
117.0450624
102.3036136
102.3036136
112.7811726
123.9621966
119.230814
118.758573
128.8587505
134.4107378
128.608214
124.8741166
132.5796406
132.5796406
139.0001613
135.1003904
126.3770549
119.3934189
117.9992744
120.0287568
126.3050371
135.6646097
133.312612
133.312612
125.4356527
126.5634859
116.325295
94.22756154
89.49950846
95.13806228
100.2773049
110.8449579
115.0528154
115.0528154
116.5443378
123.1493135
119.6576356
124.9191
152.6606475
158.9956095
136.2312294
118.4627254
118.4627254
106.71143
97.81524943
91.38811835
77.03536275
67.86603744
69.0717231
64.73439316
62.77368146
62.80499647
62.80499647
48.25171811
36.84270944
43.75271206
50.13254993
46.54009452
41.90064349
45.29319349
54.27001928